ADDR E9E0:
00 00 30 31 30 30 01 07 D3 E3 31 18 30 DA 30 30 
30 30 30 30 30 30 7A 01 7E 94 30 DA 02 26 31 30 
A2 D5 4E F2 31 30 DA 7B 31 30 10 30 30 30 30 30
01 30 CC 03 32 30 80 0E 31 30 30 D5 30 30 30 30 
50 99 30 30 30 30 AE 1B 32 30 A6 A8 30 30 0E D6 
A5 9C 30 30 6C D6 30 30 A5 9C 30 30 98 D6 30 30

A5 9C 30 30 30 30 30 30 02 26 31 30 90 DA 90 C7 
30 30 74 89 31 30 5E 30 A6 50 32 30 08 D6 8E 3B 
31 30 08 40 32 30 30 30 30 30 30 30 30 30 74 1F
32 30 80 EB 74 89 31 30 E0 E9 02 26 31 30 76 D5 
50 94 30 30 02 00 A0 9C 30 30 30 30 30 30 4A D0 
30 30 30 30 08 40 32 30 54 D6 30 30 30 30 30 30

34 7B 31 30 30 30 31 30 A6 50 32 30 78 D5 A5 9C 
30 30 30 30 30 30 74 89 31 30 E2 E9 32 89 B2 00 
01 00 78 5C 31 30 82 D5 36 16 32 30 76 D5 D2 90
30 30 74 89 31 30 30 30 02 26 31 30 30 DB 90 C7 
30 30 74 89 31 30 3C 30 A6 50 32 30 98 D6 8E 3B 
31 30 08 40 32 30 30 30 30 30 30 30 30 30 74 1F

32 30 30 30 74 89 31 30 00 00 A0 9C 30 30 80 EB 
30 30 A0 9C 30 30 CC D6 30 30 DA 7B 31 30 30 30 
31 30 78 D5 90 D5 A5 9C 30 30 30 30 30 30 74 89
31 30 E2 E9 32 89 3A 00 30 30 74 1F 32 30 02 D7 
34 7B 31 30 D4 DD 00 06 36 9D 30 30 7E 94 30 30 
DA 7B 31 30 30 30 31 30 78 D5 90 D5 A5 9C 30 30

30 30 30 30 74 89 31 30 E2 E9 32 89 08 00 30 30 
74 1F 32 30 00 00 00 00 00 00 00 00 00 00 00 00 
00 00 00 00 00 00 00 00 00 00 00 00 00 00 00 00
00 00 00 00 00 00 00 00 00 00 00 00 00 00 00 00 
00 00 00 00 00 00 00 00 00 00 00 00 00 00 00 00
00 00 00 00 00 00 00 00 00 00 00 00 00 00 00 00